10 0
0.001 0
10 0
0.001 0
10 0
0.001 0
10 0
0.001 0.001
11 0
0 0.001
10 0
0 0.001
10 0
0.001 0
11 0
0.001 0.001
8 0
0.001 0.001
8 1579
0.001 0.001
10 0
0 0.001
7 0
0.001 0
11 0
0.001 0.001
11 545
0 0.001
9 0
0.001 0
9 0
0.001 0
10 0
0.001 0
3 0
0 0.001
11 0
0.001 0
10 0
0 0.001
9 1293
0.001 0
9 0
0.001 0
8 0
0 0.001
11 0
0.001 0
6 0
0.001 0
9 0
0.001 0.001
11 0
0 0.001
11 326
0 0.001
11 0
0.001 0
11 0
0.001 0
8 0
0.001 0.001
10 0
0.001 0.001
11 0
0.001 0.001
10 0
0 0.001
11 0
0 0.001
11 0
0.001 0.001
10 0
0.001 0
12 0
0.001 0.001
10 0
0.001 0.001
11 0
0.001 0.001
9 0
0.001 0.001
7 0
0 0.001
7 0
0 0.001
11 0
0 0.001
7 0
0 0.001
10 0
0.001 0
10 0
0.001 0
10 0
0.001 0.001
9 0
0 0.001
11 0
0.001 0
11 0
0.001 0.001
10 0
0.001 0.001
7 0
0.001 0.001
11 0
0.001 0
6 0
0.001 0
10 0
0 0.001
8 0
0.001 0.001
10 0
0 0.001
9 0
0.001 0
10 3410
0 0.001
9 0
0.001 0.001
10 0
0 0.001
10 0
0 0.001
7 0
0.001 0
11 0
0.001 0
10 252
0.001 0.001
9 0
0 0.001
9 0
0 0.001
10 0
0.001 0
11 0
0 0.001
11 0
0 0.001
9 0
0.001 0
11 0
0.001 0
12 0
0.001 0.001
11 2252
0.001 0.001
10 0
0.001 0
11 0
0.001 0.001
9 0
0.001 0
11 0
0.001 0.001
12 1270
0 0.001
11 0
0.001 0.001
5 0
0 0.001
11 0
0.001 0.001
10 0
0 0.001
11 0
0 0.001
8 0
0.001 0
10 0
0.001 0
10 485
0.001 0.001
9 0
0 0.001
10 0
0.001 0
7 0
0.001 0.001
11 0
0.001 0.001
10 0
0.001 0
11 0
0.001 0
9 0
0 0.001
10 0
0 0.001
10 0
0 0.001
10 0
0.001 0
5 0
0.001 0
10 0
0.001 0
